-0.166614 -0.766118 -0.0336987 -2.37255 -0.09888 1.69277 0.174408 0.406483 0.204633 -0.105202 -1.28515 0.115021 1.4621 0.445448 
-0.166614 -0.766118 -0.0336987 -2.37255 -0.09888 1.69277 0.174408 0.406483 0.204633 -0.105202 -1.28515 0.115021 1.4621 0.445448 
-0.23231 -0.668696 -0.047438 -2.33181 0.0733979 1.73882 0.0807955 0.606689 0.176523 -0.243039 -1.34976 -0.00845149 1.40944 0.496307 
-0.23231 -0.668696 -0.047438 -2.33181 0.0733979 1.73882 0.0807955 0.606689 0.176523 -0.243039 -1.34976 -0.00845149 1.40944 0.496307 
-0.110677 -0.740149 -0.233127 -2.40555 0.196369 1.66555 0.0167254 0.717865 0.25591 -0.364021 -1.38621 -0.213169 1.43131 0.435345 
-0.110677 -0.740149 -0.233127 -2.40555 0.196369 1.66555 0.0167254 0.717865 0.25591 -0.364021 -1.38621 -0.213169 1.43131 0.435345 
-0.0317229 -0.721866 -0.240418 -2.22126 0.274914 1.44772 0.141489 0.818657 0.232405 -0.519252 -1.39309 -0.308387 1.4536 0.37966 
-0.0317229 -0.721866 -0.240418 -2.22126 0.274914 1.44772 0.141489 0.818657 0.232405 -0.519252 -1.39309 -0.308387 1.4536 0.37966 
-0.00115822 -0.593957 -0.31708 -2.12625 0.307911 1.52305 -0.0398509 1.01307 0.148009 -0.674729 -1.34665 -0.354706 1.23525 0.234361 
-0.00115822 -0.593957 -0.31708 -2.12625 0.307911 1.52305 -0.0398509 1.01307 0.148009 -0.674729 -1.34665 -0.354706 1.23525 0.234361 
0.183329 -0.590055 -0.506983 -2.10644 0.513531 1.51451 0.0368635 1.02251 0.198856 -0.591012 -1.34635 -0.609792 1.11422 0.280613 
0.183329 -0.590055 -0.506983 -2.10644 0.513531 1.51451 0.0368635 1.02251 0.198856 -0.591012 -1.34635 -0.609792 1.11422 0.280613 
0.00288356 -0.568003 -0.265288 -2.09938 0.739665 1.56084 0.0705898 0.988977 0.185594 -0.602713 -1.25292 -0.742445 0.983173 0.122254 
0.00288356 -0.568003 -0.265288 -2.09938 0.739665 1.56084 0.0705898 0.988977 0.185594 -0.602713 -1.25292 -0.742445 0.983173 0.122254 
0.0902947 -0.511255 -0.133029 -2.01366 0.667869 1.76085 0.196692 0.957673 0.174232 -0.696721 -1.05373 -0.706232 0.837738 -0.104301 
0.0902947 -0.511255 -0.133029 -2.01366 0.667869 1.76085 0.196692 0.957673 0.174232 -0.696721 -1.05373 -0.706232 0.837738 -0.104301 
0.311517 -0.468211 -0.195642 -1.89038 0.546747 1.77708 0.348922 0.891101 0.149433 -0.742429 -0.980111 -0.720089 0.856513 -0.26871 
0.311517 -0.468211 -0.195642 -1.89038 0.546747 1.77708 0.348922 0.891101 0.149433 -0.742429 -0.980111 -0.720089 0.856513 -0.26871 
0.224124 -0.441504 -0.21903 -1.80607 0.589696 1.59158 0.154003 0.895636 0.193047 -0.897994 -0.892398 -0.686097 0.950999 -0.546309 
0.224124 -0.441504 -0.21903 -1.80607 0.589696 1.59158 0.154003 0.895636 0.193047 -0.897994 -0.892398 -0.686097 0.950999 -0.546309 
0.219416 -0.297117 -0.218575 -1.65661 0.396098 1.52559 -0.00977388 1.03268 0.0326706 -1.08126 -0.964582 -0.559225 0.943544 -0.67283 

