-0.166614 -0.766118 -0.0336987 -2.37255 -0.09888 1.69277 0.174408 0.406483 0.204633 -0.105202 -1.28515 0.115021 1.4621 0.445448 
-0.166614 -0.766118 -0.0336987 -2.37255 -0.09888 1.69277 0.174408 0.406483 0.204633 -0.105202 -1.28515 0.115021 1.4621 0.445448 
-0.00958187 -0.692979 -0.246187 -2.17782 -0.220527 1.56242 -0.0431768 0.38547 0.132682 -0.116524 -1.30954 0.0870497 1.42916 0.22299 
0.169206 -0.608333 -0.448221 -1.96991 -0.319443 1.4535 -0.266963 0.357272 0.0840085 -0.130977 -1.32864 0.0721945 1.41871 -0.00437041 
0.364498 -0.515097 -0.646652 -1.75495 -0.392579 1.36142 -0.488256 0.320722 0.0550874 -0.151506 -1.34383 0.0731732 1.42835 -0.232351 
0.411151 -0.492757 -0.692577 -1.70447 -0.408351 1.34105 -0.539659 0.310839 0.0498037 -0.157572 -1.3473 0.0739409 1.43177 -0.284892 
0.411151 -0.492757 -0.692577 -1.70447 -0.408351 1.34105 -0.539659 0.310839 0.0498037 -0.157572 -1.3473 0.0739409 1.43177 -0.284892 
0.291887 -0.309523 -0.7667 -1.59068 -0.253058 1.3903 -0.857143 0.278809 0.110212 -0.15398 -1.22848 0.0393605 1.34739 -0.452589 
0.182252 -0.109994 -0.84282 -1.48712 -0.0800442 1.4398 -1.16426 0.245548 0.185351 -0.150251 -1.10887 0.0237115 1.27367 -0.620907 
0.08011 0.0996989 -0.914895 -1.39055 0.114957 1.48801 -1.45621 0.209847 0.276972 -0.145113 -0.99033 0.0261068 1.21245 -0.789357 
-0.00670725 0.293223 -0.973256 -1.30336 0.311805 1.52998 -1.71431 0.176124 0.375089 -0.137823 -0.884194 0.038757 1.1646 -0.943639 

