0.00728549 -0.124986 -0.00046705 -1.95185 -0.0168783 1.841 -0.804255 -0.00484854 0.0285714 -0.00637551 -1.76287 0.00114063 1.79669 -0.773174 
0.00728549 -0.124986 -0.00046705 -1.95185 -0.0168783 1.841 -0.804255 -0.00484854 0.0285714 -0.00637551 -1.76287 0.00114063 1.79669 -0.773174 
0.117177 -0.113611 -0.113079 -1.94451 -0.013709 1.86624 -0.795317 -0.0860033 0.0138346 0.0896808 -1.7647 -0.0172321 1.76335 -0.743339 
0.117177 -0.113611 -0.113079 -1.94451 -0.013709 1.86624 -0.795317 -0.0860033 0.0138346 0.0896808 -1.7647 -0.0172321 1.76335 -0.743339 
0.0474409 -0.106699 -0.0675617 -1.92865 -0.108237 1.85898 -0.802464 -0.187865 0.00778813 0.205731 -1.7625 0.0826829 1.75419 -0.754831 
0.0474409 -0.106699 -0.0675617 -1.92865 -0.108237 1.85898 -0.802464 -0.187865 0.00778813 0.205731 -1.7625 0.0826829 1.75419 -0.754831 
0.0558655 -0.0674183 -0.122023 -1.84268 -0.103638 1.8271 -0.903066 -0.281396 -0.021136 0.317399 -1.74623 0.0895642 1.70244 -0.783678 
0.0558655 -0.0674183 -0.122023 -1.84268 -0.103638 1.8271 -0.903066 -0.281396 -0.021136 0.317399 -1.74623 0.0895642 1.70244 -0.783678 
-0.00688927 -0.0526937 -0.0417511 -1.87267 -0.10059 1.89644 -0.890188 -0.431326 -0.0392328 0.436572 -1.78252 0.0998871 1.69372 -0.826368 
-0.00688927 -0.0526937 -0.0417511 -1.87267 -0.10059 1.89644 -0.890188 -0.431326 -0.0392328 0.436572 -1.78252 0.0998871 1.69372 -0.826368 
-0.0108603 -0.0413177 -0.0101624 -1.84701 -0.203993 1.879 -0.802745 -0.553882 -0.064197 0.53274 -1.79162 0.213703 1.67463 -0.833065 

