-0.450198 0.0431477 0.230312 -2.48442 2.85389 2.18944 0.908736 0.0827852 0.519492 0.0693047 -1.2726 -0.0369901 1.7977 0.960256 
-0.450198 0.0431477 0.230312 -2.48442 2.85389 2.18944 0.908736 0.0827852 0.519492 0.0693047 -1.2726 -0.0369901 1.7977 0.960256 
-0.486307 0.11041 0.190692 -2.3811 2.87822 2.20493 0.803293 0.118409 0.483388 0.0996658 -1.30582 0.0444257 1.79327 1.10453 
-0.492292 0.15151 0.181086 -2.33112 2.87916 2.2206 0.742421 0.129073 0.469794 0.103953 -1.31386 0.0706176 1.7936 1.17063 
-0.492292 0.15151 0.181086 -2.33112 2.87916 2.2206 0.742421 0.129073 0.469794 0.103953 -1.31386 0.0706176 1.7936 1.17063 
-0.373707 0.164427 0.0501738 -2.24357 2.8888 2.28247 0.814626 0.158923 0.395112 0.116371 -1.39594 0.056177 1.80664 1.2088 
-0.245451 0.193332 -0.0739863 -2.15621 2.88821 2.35391 0.873749 0.181292 0.324268 0.118863 -1.47207 0.0313969 1.82013 1.24686 
-0.116961 0.226433 -0.197604 -2.06875 2.88964 2.42778 0.934857 0.201516 0.255016 0.120417 -1.546 0.00812162 1.83514 1.28358 
0.0106274 0.26472 -0.320547 -1.98249 2.89355 2.50455 0.998084 0.219338 0.187682 0.120637 -1.61698 -0.0135373 1.8518 1.31819 
0.0106274 0.26472 -0.320547 -1.98249 2.89355 2.50455 0.998084 0.219338 0.187682 0.120637 -1.61698 -0.0135373 1.8518 1.31819 
0.157327 0.285204 -0.46786 -1.91165 2.88574 2.58258 1.05326 0.222883 0.135923 0.123007 -1.63903 -0.0109996 1.84009 1.3342 
0.303378 0.313449 -0.614704 -1.84199 2.88015 2.6648 1.11032 0.222521 0.0864521 0.122698 -1.65793 -0.00720804 1.82981 1.34813 
0.448462 0.350386 -0.760571 -1.77522 2.87719 2.75182 1.17001 0.218043 0.0391294 0.119246 -1.67303 -0.00152808 1.82136 1.35983 
0.591912 0.397471 -0.904596 -1.71313 2.87722 2.84486 1.23289 0.208621 -0.00463997 0.11144 -1.68365 0.00641678 1.81541 1.36853 
0.732247 0.45668 -1.04498 -1.65809 2.88058 2.94556 1.2995 0.192769 -0.0412209 0.0972078 -1.68884 0.0169004 1.81328 1.37275 
0.866109 0.536607 -1.16532 -1.61835 2.87497 3.04648 1.35375 0.165595 -0.068133 0.0715429 -1.68915 0.0206118 1.81097 1.37697 
0.866109 0.536607 -1.16532 -1.61835 2.87497 3.04648 1.35375 0.165595 -0.068133 0.0715429 -1.68915 0.0206118 1.81097 1.37697 
0.920357 0.555924 -1.20551 -1.6176 2.89295 3.16388 1.44878 0.170066 -0.0709871 0.0890069 -1.76361 -0.0629975 1.93046 1.46233 
0.920781 0.556075 -1.20583 -1.6176 2.8931 3.16479 1.44952 0.170101 -0.0710094 0.0891432 -1.7642 -0.0636501 1.93139 1.463 

