-2.06819 -1.69966 1.41717 -2.42115 0.682317 2.85774 1.58383 -0.117106 0.0929218 -0.0975955 -2.40369 1.38784 1.44961 1.42181 
-2.06819 -1.69966 1.41717 -2.42115 0.682317 2.85774 1.58383 -0.117106 0.0929218 -0.0975955 -2.40369 1.38784 1.44961 1.42181 
-1.92998 -1.67359 1.32744 -2.4678 0.654778 2.80347 1.50697 -0.0399373 0.0595409 -0.05037 -2.36728 1.45439 1.46805 1.50326 
-1.78792 -1.65576 1.22769 -2.51458 0.621048 2.75017 1.42553 0.0342236 0.0303332 -0.00617794 -2.33122 1.51231 1.48513 1.57872 
-1.64318 -1.64853 1.1187 -2.56018 0.580244 2.69639 1.34044 0.104306 0.00639313 0.0339169 -2.29742 1.55999 1.49786 1.6493 
-1.49901 -1.65344 1.00285 -2.60292 0.530938 2.64257 1.25148 0.170871 -0.012184 0.0704087 -2.26642 1.59791 1.50573 1.71492 
-1.43552 -1.66007 0.952163 -2.61208 0.497524 2.62192 1.1985 0.197957 -0.0165059 0.0846161 -2.25447 1.60105 1.52139 1.72969 
-1.43552 -1.66007 0.952163 -2.61208 0.497524 2.62192 1.1985 0.197957 -0.0165059 0.0846161 -2.25447 1.60105 1.52139 1.72969 
-1.46923 -1.59616 0.96902 -2.55562 0.524291 2.67267 1.20929 0.183104 0.0909525 0.0863589 -2.08404 1.56009 1.46911 1.80489 
-1.50551 -1.53558 0.987798 -2.49452 0.539046 2.72842 1.20551 0.16878 0.199543 0.086505 -1.91007 1.51403 1.42784 1.86715 
-1.54483 -1.47709 1.00771 -2.43689 0.552116 2.78629 1.20093 0.154924 0.306052 0.087874 -1.73278 1.47545 1.3846 1.92947 
-1.58603 -1.42023 1.02894 -2.38253 0.564236 2.84508 1.1961 0.140158 0.410248 0.0902542 -1.55276 1.44351 1.33967 1.99218 
-1.62954 -1.3647 1.05124 -2.33289 0.576023 2.90389 1.19167 0.12395 0.512159 0.0947118 -1.37083 1.41856 1.29294 2.05594 
-1.65952 -1.33344 1.06248 -2.29786 0.572154 2.9448 1.17487 0.114499 0.57859 0.0919608 -1.25455 1.39791 1.27814 2.0835 

