-0.00146429 -0.542056 0.00775454 -2.76 -0.0138028 2.23056 0.763176 -0.00620713 -0.368923 -0.00460323 -2.6123 -0.00177847 2.24772 0.79478 
-0.00146429 -0.542056 0.00775454 -2.76 -0.0138028 2.23056 0.763176 -0.00620713 -0.368923 -0.00460323 -2.6123 -0.00177847 2.24772 0.79478 
-0.0482698 -0.556966 0.00633344 -2.67726 -0.0343967 2.21293 0.823707 0.0448427 -0.469942 0.113991 -2.43424 0.0853585 1.89234 1.01576 
-0.0889874 -0.496955 0.00678922 -2.52753 -0.0529457 2.20004 0.877666 0.0732022 -0.490263 0.205358 -2.19223 0.174397 1.57223 1.2223 
-0.0952078 -0.456615 0.0190405 -2.45007 -0.0698259 2.20162 0.889352 0.0665362 -0.482387 0.228136 -2.0809 0.200897 1.45825 1.30978 
-0.0952078 -0.456615 0.0190405 -2.45007 -0.0698259 2.20162 0.889352 0.0665362 -0.482387 0.228136 -2.0809 0.200897 1.45825 1.30978 
-0.151666 -0.415778 -0.200737 -2.48908 -0.0806245 2.217 0.598253 0.153816 -0.38187 0.339683 -2.19086 0.192623 1.72265 1.37341 
-0.188948 -0.309608 -0.383657 -2.4744 -0.113812 2.24706 0.325263 0.189907 -0.218314 0.411471 -2.26497 0.1248 2.01605 1.4037 
-0.197263 -0.205849 -0.493124 -2.43545 -0.155415 2.28379 0.131561 0.182721 -0.0858328 0.436312 -2.30298 0.0407083 2.23733 1.4169 

