-0.271716 -0.0450875 -0.305455 -2.01091 -0.0334938 1.98318 1.76012 0.0852128 0.190178 0.143974 -2.3891 1.73258 1.72815 1.33479 
-0.271716 -0.0450875 -0.305455 -2.01091 -0.0334938 1.98318 1.76012 0.0852128 0.190178 0.143974 -2.3891 1.73258 1.72815 1.33479 
-0.328807 -0.0760693 -0.191356 -1.9899 -0.0604518 1.87452 1.70164 0.132844 0.199416 0.150259 -2.32688 1.67475 1.69054 1.45823 
-0.384974 -0.107885 -0.0765692 -1.96822 -0.0900435 1.7666 1.6446 0.177916 0.207908 0.155089 -2.26375 1.61803 1.6469 1.5818 
-0.439787 -0.139436 0.0390811 -1.9461 -0.12125 1.66265 1.58541 0.220709 0.215027 0.159054 -2.19997 1.566 1.59869 1.70895 
-0.493937 -0.171364 0.154904 -1.92306 -0.154563 1.56365 1.52306 0.261418 0.220941 0.162482 -2.1352 1.52025 1.54672 1.84019 
-0.548101 -0.204946 0.270431 -1.89913 -0.190368 1.46861 1.45839 0.299572 0.225966 0.164951 -2.06906 1.48076 1.49129 1.97453 
-0.602897 -0.240054 0.384612 -1.87356 -0.229141 1.38 1.38951 0.335683 0.230869 0.166957 -2.00163 1.45014 1.43448 2.11363 
-0.659023 -0.276807 0.496454 -1.84616 -0.27147 1.29847 1.31626 0.36977 0.236503 0.168395 -1.93278 1.42949 1.37801 2.25761 
-0.716706 -0.314835 0.605478 -1.81727 -0.317602 1.22412 1.23895 0.401572 0.243291 0.168865 -1.86217 1.41928 1.32362 2.40598 
-0.776577 -0.353146 0.710347 -1.78664 -0.368175 1.15869 1.15757 0.431517 0.252517 0.168528 -1.78992 1.42085 1.27413 2.55891 
-0.838668 -0.391066 0.810748 -1.75447 -0.423069 1.10189 1.07333 0.459574 0.264945 0.167083 -1.71625 1.43347 1.23113 2.71533 
-0.902633 -0.428177 0.907038 -1.72078 -0.482926 1.053 0.98694 0.48594 0.281458 0.164203 -1.64163 1.45526 1.19635 2.87331 
-0.907897 -0.431231 0.914961 -1.71801 -0.487852 1.04898 0.979831 0.488109 0.282816 0.163966 -1.63549 1.45706 1.19348 2.88631 
-0.907897 -0.431231 0.914961 -1.71801 -0.487852 1.04898 0.979831 0.488109 0.282816 0.163966 -1.63549 1.45706 1.19348 2.88631 
-0.879311 -0.347343 0.829667 -1.63655 -0.44474 1.0395 1.05556 0.452952 0.225804 0.157211 -1.69844 1.45276 1.23009 2.7488 
-0.848361 -0.264007 0.743126 -1.55222 -0.400255 1.03607 1.13378 0.415012 0.172655 0.148822 -1.76356 1.45441 1.27107 2.61321 
-0.816719 -0.179788 0.653665 -1.4654 -0.352971 1.04091 1.21425 0.374062 0.122891 0.138651 -1.82996 1.46532 1.31518 2.48296 
-0.784493 -0.0948938 0.561836 -1.37638 -0.303345 1.05309 1.29542 0.329755 0.0763746 0.125775 -1.89745 1.48469 1.36169 2.35838 
-0.753199 -0.00889327 0.466636 -1.28517 -0.251752 1.07193 1.37655 0.283575 0.0334522 0.111146 -1.96638 1.5111 1.40948 2.24044 
-0.722789 0.078606 0.368627 -1.19239 -0.198033 1.09625 1.45637 0.235054 -0.00629588 0.0939738 -2.03641 1.54358 1.45851 2.12951 
-0.694801 0.168172 0.266855 -1.09835 -0.142164 1.1248 1.53475 0.185641 -0.0425872 0.0755253 -2.10783 1.57997 1.50839 2.02602 
-0.669513 0.260646 0.161768 -1.00403 -0.0835074 1.15623 1.61112 0.135129 -0.0757866 0.0555776 -2.18024 1.61896 1.55973 1.93013 
-0.648612 0.356415 0.0528875 -0.910178 -0.0217679 1.18925 1.68588 0.0846037 -0.105565 0.0353991 -2.25367 1.65851 1.61304 1.84171 
-0.632661 0.455386 -0.0592324 -0.817907 0.0431644 1.22213 1.7598 0.034214 -0.132193 0.0153939 -2.32763 1.697 1.6689 1.75943 
-0.623309 0.557926 -0.174187 -0.728394 0.111458 1.25442 1.83304 -0.0155361 -0.155701 -0.00367661 -2.40142 1.73402 1.72816 1.68309 
-0.621467 0.662594 -0.291454 -0.642147 0.182667 1.2854 1.9071 -0.0644671 -0.175688 -0.0215067 -2.47481 1.7689 1.79074 1.61177 
-0.627595 0.769031 -0.410098 -0.560493 0.255491 1.31424 1.9824 -0.112389 -0.192745 -0.0379556 -2.54628 1.80177 1.85662 1.54439 
-0.626903 0.772661 -0.409794 -0.554705 0.255591 1.32079 1.96463 -0.109158 -0.19364 -0.0323806 -2.55138 1.80689 1.86781 1.53689 

