-0.166614 -0.766118 -0.0336987 -2.37255 -0.09888 1.69277 0.174408 0.406483 0.204633 -0.105202 -1.28515 0.115021 1.4621 0.445448 
-0.166614 -0.766118 -0.0336987 -2.37255 -0.09888 1.69277 0.174408 0.406483 0.204633 -0.105202 -1.28515 0.115021 1.4621 0.445448 
-0.160831 -0.667041 -0.0918848 -2.24968 -0.122291 1.67298 0.0510081 0.41164 0.116267 -0.0948347 -1.35202 0.100917 1.44132 0.380619 
-0.149882 -0.56413 -0.149825 -2.12495 -0.139433 1.65618 -0.0749472 0.414697 0.0325285 -0.0842468 -1.41735 0.0923557 1.42528 0.314633 
-0.134755 -0.457393 -0.207826 -1.99808 -0.149044 1.64245 -0.201381 0.415511 -0.0458149 -0.0746981 -1.48143 0.0897424 1.41447 0.246944 
-0.116609 -0.347862 -0.26631 -1.86922 -0.149995 1.63105 -0.326675 0.41413 -0.119235 -0.0674188 -1.54454 0.0937133 1.40877 0.177585 
-0.0970094 -0.236518 -0.325232 -1.73867 -0.143645 1.62137 -0.449457 0.410891 -0.188452 -0.063066 -1.60696 0.102746 1.40739 0.106562 
-0.0775976 -0.125988 -0.385013 -1.60826 -0.128714 1.61075 -0.569093 0.40619 -0.254955 -0.0628286 -1.66936 0.118928 1.40912 0.0346029 
-0.0634479 -0.0935902 -0.39062 -1.57156 -0.137604 1.6141 -0.61217 0.394134 -0.274999 -0.0695762 -1.68354 0.107364 1.40963 0.0259812 
-0.0634479 -0.0935902 -0.39062 -1.57156 -0.137604 1.6141 -0.61217 0.394134 -0.274999 -0.0695762 -1.68354 0.107364 1.40963 0.0259812 
-0.0703436 -0.067944 -0.473939 -1.53027 -0.0797265 1.59441 -0.749262 0.378988 -0.198285 -0.0664528 -1.5909 0.110029 1.36827 -0.0935605 
-0.0672478 -0.0339765 -0.54663 -1.4884 -0.0347973 1.58096 -0.897499 0.354067 -0.123882 -0.0712468 -1.49371 0.0969945 1.32828 -0.203683 
-0.0631324 0.00573171 -0.618437 -1.44783 0.013378 1.56811 -1.04133 0.328725 -0.0459868 -0.0777246 -1.39497 0.0857749 1.29211 -0.316112 
-0.0579674 0.050881 -0.689226 -1.40909 0.0653207 1.55551 -1.18025 0.30246 0.0347434 -0.0858865 -1.29414 0.0768506 1.26045 -0.430371 
-0.0517446 0.100836 -0.758805 -1.37264 0.120887 1.54261 -1.31443 0.275206 0.117944 -0.0952215 -1.19147 0.0704974 1.23297 -0.545978 
-0.0444504 0.155869 -0.827033 -1.33873 0.178799 1.52928 -1.44408 0.24702 0.203476 -0.105246 -1.08737 0.0662034 1.20897 -0.662492 
-0.0359973 0.214486 -0.893435 -1.30736 0.239903 1.51536 -1.56948 0.217634 0.290414 -0.115672 -0.981471 0.0644046 1.18891 -0.779333 
-0.0269392 0.275976 -0.95762 -1.27958 0.304793 1.49997 -1.68965 0.186142 0.379428 -0.126325 -0.874822 0.0657531 1.17272 -0.89573 
-0.0142581 0.29985 -0.968887 -1.26635 0.313929 1.50033 -1.73795 0.169865 0.398799 -0.13966 -0.840837 0.0558497 1.16635 -0.919821 

