-1.91355 -1.52733 1.53622 -2.53107 -0.1218 2.90166 2.38747 0.0747979 0.184825 0.130857 -2.39671 1.71489 1.7145 1.33481 
-1.91355 -1.52733 1.53622 -2.53107 -0.1218 2.90166 2.38747 0.0747979 0.184825 0.130857 -2.39671 1.71489 1.7145 1.33481 
-1.78428 -1.54725 1.46936 -2.57915 -0.143791 2.83266 2.35064 0.119885 0.0906018 0.181699 -2.3945 1.74994 1.80961 1.42388 
-1.65592 -1.57136 1.39898 -2.62788 -0.16936 2.76204 2.30995 0.166114 -0.00166225 0.232787 -2.39238 1.78268 1.90495 1.50886 
-1.52866 -1.6014 1.32546 -2.6767 -0.19976 2.68979 2.26496 0.212848 -0.091324 0.283571 -2.39103 1.8134 1.99999 1.58941 
-1.40343 -1.63815 1.24979 -2.72492 -0.235539 2.61614 2.21616 0.260371 -0.17766 0.334044 -2.39087 1.84253 2.09406 1.66577 
-1.36499 -1.64591 1.23478 -2.72997 -0.255222 2.60219 2.18839 0.26941 -0.201998 0.347041 -2.39618 1.83847 2.13041 1.67135 
-1.36499 -1.64591 1.23478 -2.72997 -0.255222 2.60219 2.18839 0.26941 -0.201998 0.347041 -2.39618 1.83847 2.13041 1.67135 
-1.43643 -1.61164 1.28101 -2.61749 -0.22101 2.54205 2.22163 0.270795 -0.057838 0.327987 -2.27545 1.82613 2.12036 1.66695 
-1.50415 -1.57825 1.33373 -2.49658 -0.197002 2.48815 2.24173 0.272565 0.0835364 0.308605 -2.1561 1.80547 2.11638 1.64915 
-1.57275 -1.54971 1.38681 -2.37527 -0.174848 2.43277 2.263 0.276143 0.223482 0.290737 -2.03451 1.78754 2.10682 1.63248 
-1.6428 -1.52583 1.44017 -2.25469 -0.15447 2.3771 2.28616 0.280912 0.361268 0.275481 -1.90914 1.77448 2.0926 1.61784 
-1.71393 -1.50581 1.49308 -2.1346 -0.135879 2.32209 2.31103 0.28619 0.497604 0.263118 -1.78109 1.76612 2.07553 1.60512 
-1.78635 -1.48915 1.54572 -2.01588 -0.119219 2.26783 2.33731 0.291332 0.631684 0.25424 -1.65042 1.7623 2.05666 1.59417 
-1.81482 -1.47967 1.57204 -1.95599 -0.120115 2.25384 2.33414 0.296826 0.692886 0.243589 -1.59402 1.75182 2.05906 1.57412 

