-1.85274 -1.07477 1.36327 -2.43807 -0.993716 2.67637 2.88982 0.820872 0.111888 -0.601418 -2.40289 1.76847 1.67277 1.42995 
-1.85274 -1.07477 1.36327 -2.43807 -0.993716 2.67637 2.88982 0.820872 0.111888 -0.601418 -2.40289 1.76847 1.67277 1.42995 
-1.72417 -0.953565 1.27853 -2.44405 -1.0781 2.62957 2.87434 0.831763 0.15486 -0.579888 -2.31986 1.78089 1.61556 1.46887 
-1.59125 -0.837976 1.19007 -2.44434 -1.16272 2.57897 2.85896 0.837685 0.201345 -0.562696 -2.24221 1.79182 1.55694 1.50787 
-1.45506 -0.727581 1.09962 -2.43991 -1.24694 2.52522 2.84425 0.838298 0.251287 -0.549774 -2.16927 1.80135 1.49703 1.54756 
-1.31761 -0.621726 1.00752 -2.43169 -1.33042 2.46928 2.83083 0.834009 0.305102 -0.540214 -2.10055 1.8103 1.43693 1.58868 
-1.25309 -0.572801 0.974506 -2.42426 -1.37292 2.45323 2.81278 0.833501 0.338542 -0.539241 -2.07186 1.80571 1.42408 1.59318 
-1.25309 -0.572801 0.974506 -2.42426 -1.37292 2.45323 2.81278 0.833501 0.338542 -0.539241 -2.07186 1.80571 1.42408 1.59318 
-1.38826 -0.683044 0.99716 -2.45659 -1.34148 2.60426 2.83603 0.818988 0.299354 -0.551451 -2.12257 1.78009 1.38437 1.57718 
-1.5179 -0.790071 1.02646 -2.48282 -1.31847 2.76405 2.84718 0.806941 0.27284 -0.565772 -2.17466 1.7464 1.36 1.54847 
-1.64674 -0.898688 1.05513 -2.50602 -1.29536 2.92398 2.85971 0.793953 0.249226 -0.580464 -2.22958 1.71337 1.33636 1.52129 
-1.77464 -1.00997 1.0821 -2.52503 -1.27239 3.08335 2.87281 0.779862 0.228749 -0.595646 -2.28752 1.68126 1.31311 1.4949 
-1.90117 -1.12386 1.10658 -2.53986 -1.24871 3.24171 2.88659 0.764315 0.210931 -0.611618 -2.34868 1.65013 1.28935 1.46932 
-2.0911 -1.30813 1.14511 -2.54567 -1.21873 3.49696 2.8973 0.738178 0.196787 -0.640596 -2.44962 1.59392 1.26604 1.41723 
-2.0911 -1.30813 1.14511 -2.54567 -1.21873 3.49696 2.8973 0.738178 0.196787 -0.640596 -2.44962 1.59392 1.26604 1.41723 
-1.98211 -1.26388 1.10178 -2.6025 -1.14083 3.37045 2.86125 0.777491 0.106509 -0.63539 -2.45514 1.612 1.36095 1.42524 
-1.86533 -1.22331 1.05988 -2.63991 -1.07062 3.24886 2.81049 0.818202 0.0268282 -0.629436 -2.46213 1.62436 1.47077 1.41757 
-1.74957 -1.18923 1.01171 -2.66471 -0.999705 3.12609 2.75605 0.861631 -0.0529922 -0.620012 -2.47032 1.64621 1.58082 1.4068 
-1.63604 -1.16349 0.956671 -2.67702 -0.929596 3.00263 2.69836 0.908087 -0.13156 -0.607424 -2.47993 1.67689 1.69139 1.39338 
-1.52673 -1.14725 0.896066 -2.67794 -0.863533 2.87982 2.63671 0.95865 -0.209886 -0.591187 -2.48836 1.71753 1.80229 1.37674 
-1.42297 -1.14116 0.830036 -2.66852 -0.803618 2.75849 2.57141 1.01345 -0.286748 -0.571846 -2.49523 1.76695 1.91339 1.35713 
-1.33011 -1.14068 0.77701 -2.64775 -0.767103 2.65853 2.49644 1.0626 -0.344732 -0.55085 -2.50029 1.80638 2.02214 1.32228 
-1.33011 -1.14068 0.77701 -2.64775 -0.767103 2.65853 2.49644 1.0626 -0.344732 -0.55085 -2.50029 1.80638 2.02214 1.32228 
-1.39403 -1.07927 0.857217 -2.53589 -0.759531 2.58318 2.50112 1.04098 -0.269502 -0.554927 -2.40363 1.8035 1.98841 1.44088 
-1.4564 -1.01975 0.944296 -2.41859 -0.767161 2.51213 2.48773 1.01653 -0.185339 -0.558307 -2.30504 1.79181 1.96395 1.5411 
-1.5224 -0.963983 1.02924 -2.30024 -0.781142 2.4414 2.47071 0.992149 -0.100567 -0.561419 -2.20361 1.78319 1.94009 1.63823 
-1.59013 -0.910165 1.11404 -2.18316 -0.798172 2.36865 2.45139 0.967377 -0.0173266 -0.564491 -2.09983 1.77478 1.91494 1.73322 
-1.65951 -0.858604 1.19936 -2.06636 -0.821486 2.29765 2.42815 0.942956 0.0637489 -0.566679 -1.99184 1.76964 1.89083 1.82448 
-1.72959 -0.808205 1.28528 -1.9512 -0.848082 2.22704 2.40277 0.918305 0.142023 -0.568334 -1.88102 1.76642 1.8672 1.91332 
-1.74025 -0.794765 1.31062 -1.92293 -0.862504 2.22249 2.38246 0.913202 0.169263 -0.570513 -1.85678 1.75688 1.87339 1.91734 

